   0   0   0   0   0 127 255 255 255 255 255 255 255 255 255 255
   0   0   0   0   0 127 255 255 255 255 255 255 255 255 255 255
   0   0   0   0   0 127 255 255 255 255 255 255 255 255 255 255
   0   0   0   0   0 127 255 255 255 255 255 255 255 255 255 255
   0   0   0   0   0 127 255 255 255 255 255 255 255 255 255 255
 127 127 127 127 127 191 255 255 255 255 255 255 255 255 255 255
 255 255 255 255 255 255 255 255 255 255 255 255 255 255 255 255
 255 255 255 255 255 255 255 255 255 255 255 255 255 255 255 255
 255 255 255 255 255 255 255 255 255 255 255 255 255 255 255 255
 255 255 255 255 255 255 255 255 255 255 255 255 255 255 255 255
 191 191 191 191 191 191 191 191 191 191 207 255 255 255 255 255
   0   0   0   0   0   0   0   0   0   0  63 255 255 255 255 255
   0   0   0   0   0   0   0   0   0   0  63 255 255 255 255 255
   0   0   0   0   0   0   0   0   0   0  63 255 255 255 255 255
   0   0   0   0   0   0   0   0   0   0  63 255 255 255 255 255
   0   0   0   0   0   0   0   0   0   0  63 255 255 255 255 255
   0   0   0   0   0 127 255 255 255 255 255 255 255 255 255 255
   0   0   0   0   0 127 255 255 255 255 255 255 255 255 255 255
   0   0   0   0   0 127 255 255 255 255 255 255 255 255 255 255
   0   0   0   0   0 127 255 255 255 255 255 255 255 255 255 255
   0   0   0   0   0 127 255 255 255 255 255 255 255 255 255 255
 127 127 127 127 127 191 255 255 255 255 255 255 255 255 255 255
 255 255 255 255 255 255 255 255 255 255 255 255 255 255 255 255
 255 255 255 255 255 255 255 255 255 255 255 255 255 255 255 255
 255 255 255 255 255 255 255 255 255 255 255 255 255 255 255 255
 255 255 255 255 255 255 255 255 255 255 255 255 255 255 255 255
 191 191 191 191 191 191 191 191 191 191 207 255 255 255 255 255
   0   0   0   0   0   0   0   0   0   0  63 255 255 255 255 255
   0   0   0   0   0   0   0   0   0   0  63 255 255 255 255 255
   0   0   0   0   0   0   0   0   0   0  63 255 255 255 255 255
   0   0   0   0   0   0   0   0   0   0  63 255 255 255 255 255
   0   0   0   0   0   0   0   0   0   0  63 255 255 255 255 255
   0   0   0   0   0 127 255 255 255 255 255 255 255 255 255 255
   0   0   0   0   0 127 255 255 255 255 255 255 255 255 255 255
   0   0   0   0   0 127 255 255 255 255 255 255 255 255 255 255
   0   0   0   0   0 127 255 255 255 255 255 255 255 255 255 255
   0   0   0   0   0 127 255 255 255 255 255 255 255 255 255 255
 127 127 127 127 127 191 255 255 255 255 255 255 255 255 255 255
 255 255 255 255 255 255 255 255 255 255 255 255 255 255 255 255
 255 255 255 255 255 255 255 255 255 255 255 255 255 255 255 255
 255 255 255 255 255 255 255 255 255 255 255 255 255 255 255 255
 255 255 255 255 255 255 255 255 255 255 255 255 255 255 255 255
 191 191 191 191 191 191 191 191 191 191 207 255 255 255 255 255
   0   0   0   0   0   0   0   0   0   0  63 255 255 255 255 255
   0   0   0   0   0   0   0   0   0   0  63 255 255 255 255 255
   0   0   0   0   0   0   0   0   0   0  63 255 255 255 255 255
   0   0   0   0   0   0   0   0   0   0  63 255 255 255 255 255
   0   0   0   0   0   0   0   0   0   0  63 255 255 255 255 255

 255 255 255 255 255 255 255 255 255 255 255 255 255 255 255 255
 255 255 255 255 255 255 255 255 255 255 255 255 255 255 255 255
 255 255 255 255 255 255 255 255 255 255 255 255 255 255 255 255
 255 255 255 255 255 255 255 255 255 255 255 255 255 255 255 255
 255 255 255 255 255 255 255 255 255 255 255 255 255 255 255 255
 255 255 255 255 255 255 255 255 255 255 207  63  63  63  63  63
 255 255 255 255 255 255 255 255 255 255 191   0   0   0   0   0
 255 255 255 255 255 255 255 255 255 255 191   0   0   0   0   0
 255 255 255 255 255 255 255 255 255 255 191   0   0   0   0   0
 255 255 255 255 255 255 255 255 255 255 191   0   0   0   0   0
 127 127 127 127 127 191 255 255 255 255 191   0   0   0   0   0
   0   0   0   0   0 127 255 255 255 255 191   0   0   0   0   0
   0   0   0   0   0 127 255 255 255 255 191   0   0   0   0   0
   0   0   0   0   0 127 255 255 255 255 191   0   0   0   0   0
   0   0   0   0   0 127 255 255 255 255 191   0   0   0   0   0
   0   0   0   0   0 127 255 255 255 255 191   0   0   0   0   0
 255 255 255 255 255 255 255 255 255 255 255 255 255 255 255 255
 255 255 255 255 255 255 255 255 255 255 255 255 255 255 255 255
 255 255 255 255 255 255 255 255 255 255 255 255 255 255 255 255
 255 255 255 255 255 255 255 255 255 255 255 255 255 255 255 255
 255 255 255 255 255 255 255 255 255 255 255 255 255 255 255 255
 255 255 255 255 255 255 255 255 255 255 207  63  63  63  63  63
 255 255 255 255 255 255 255 255 255 255 191   0   0   0   0   0
 255 255 255 255 255 255 255 255 255 255 191   0   0   0   0   0
 255 255 255 255 255 255 255 255 255 255 191   0   0   0   0   0
 255 255 255 255 255 255 255 255 255 255 191   0   0   0   0   0
 127 127 127 127 127 191 255 255 255 255 191   0   0   0   0   0
   0   0   0   0   0 127 255 255 255 255 191   0   0   0   0   0
   0   0   0   0   0 127 255 255 255 255 191   0   0   0   0   0
   0   0   0   0   0 127 255 255 255 255 191   0   0   0   0   0
   0   0   0   0   0 127 255 255 255 255 191   0   0   0   0   0
   0   0   0   0   0 127 255 255 255 255 191   0   0   0   0   0
 255 255 255 255 255 255 255 255 255 255 255 255 255 255 255 255
 255 255 255 255 255 255 255 255 255 255 255 255 255 255 255 255
 255 255 255 255 255 255 255 255 255 255 255 255 255 255 255 255
 255 255 255 255 255 255 255 255 255 255 255 255 255 255 255 255
 255 255 255 255 255 255 255 255 255 255 255 255 255 255 255 255
 255 255 255 255 255 255 255 255 255 255 207  63  63  63  63  63
 255 255 255 255 255 255 255 255 255 255 191   0   0   0   0   0
 255 255 255 255 255 255 255 255 255 255 191   0   0   0   0   0
 255 255 255 255 255 255 255 255 255 255 191   0   0   0   0   0
 255 255 255 255 255 255 255 255 255 255 191   0   0   0   0   0
 127 127 127 127 127 191 255 255 255 255 191   0   0   0   0   0
   0   0   0   0   0 127 255 255 255 255 191   0   0   0   0   0
   0   0   0   0   0 127 255 255 255 255 191   0   0   0   0   0
   0   0   0   0   0 127 255 255 255 255 191   0   0   0   0   0
   0   0   0   0   0 127 255 255 255 255 191   0   0   0   0   0
   0   0   0   0   0 127 255 255 255 255 191   0   0   0   0   0

 255 255 255 255 255  63   0   0   0   0   0   0   0   0   0   0
 255 255 255 255 255  63   0   0   0   0   0   0   0   0   0   0
 255 255 255 255 255  63   0   0   0   0   0   0   0   0   0   0
 255 255 255 255 255  63   0   0   0   0   0   0   0   0   0   0
 255 255 255 255 255  63   0   0   0   0   0   0   0   0   0   0
 255 255 255 255 255 207 191 191 191 191 191 191 191 191 191 191
 255 255 255 255 255 255 255 255 255 255 255 255 255 255 255 255
 255 255 255 255 255 255 255 255 255 255 255 255 255 255 255 255
 255 255 255 255 255 255 255 255 255 255 255 255 255 255 255 255
 255 255 255 255 255 255 255 255 255 255 255 255 255 255 255 255
 255 255 255 255 255 255 255 255 255 255 191 127 127 127 127 127
 255 255 255 255 255 255 255 255 255 255 127   0   0   0   0   0
 255 255 255 255 255 255 255 255 255 255 127   0   0   0   0   0
 255 255 255 255 255 255 255 255 255 255 127   0   0   0   0   0
 255 255 255 255 255 255 255 255 255 255 127   0   0   0   0   0
 255 255 255 255 255 255 255 255 255 255 127   0   0   0   0   0
 255 255 255 255 255  63   0   0   0   0   0   0   0   0   0   0
 255 255 255 255 255  63   0   0   0   0   0   0   0   0   0   0
 255 255 255 255 255  63   0   0   0   0   0   0   0   0   0   0
 255 255 255 255 255  63   0   0   0   0   0   0   0   0   0   0
 255 255 255 255 255  63   0   0   0   0   0   0   0   0   0   0
 255 255 255 255 255 207 191 191 191 191 191 191 191 191 191 191
 255 255 255 255 255 255 255 255 255 255 255 255 255 255 255 255
 255 255 255 255 255 255 255 255 255 255 255 255 255 255 255 255
 255 255 255 255 255 255 255 255 255 255 255 255 255 255 255 255
 255 255 255 255 255 255 255 255 255 255 255 255 255 255 255 255
 255 255 255 255 255 255 255 255 255 255 191 127 127 127 127 127
 255 255 255 255 255 255 255 255 255 255 127   0   0   0   0   0
 255 255 255 255 255 255 255 255 255 255 127   0   0   0   0   0
 255 255 255 255 255 255 255 255 255 255 127   0   0   0   0   0
 255 255 255 255 255 255 255 255 255 255 127   0   0   0   0   0
 255 255 255 255 255 255 255 255 255 255 127   0   0   0   0   0
 255 255 255 255 255  63   0   0   0   0   0   0   0   0   0   0
 255 255 255 255 255  63   0   0   0   0   0   0   0   0   0   0
 255 255 255 255 255  63   0   0   0   0   0   0   0   0   0   0
 255 255 255 255 255  63   0   0   0   0   0   0   0   0   0   0
 255 255 255 255 255  63   0   0   0   0   0   0   0   0   0   0
 255 255 255 255 255 207 191 191 191 191 191 191 191 191 191 191
 255 255 255 255 255 255 255 255 255 255 255 255 255 255 255 255
 255 255 255 255 255 255 255 255 255 255 255 255 255 255 255 255
 255 255 255 255 255 255 255 255 255 255 255 255 255 255 255 255
 255 255 255 255 255 255 255 255 255 255 255 255 255 255 255 255
 255 255 255 255 255 255 255 255 255 255 191 127 127 127 127 127
 255 255 255 255 255 255 255 255 255 255 127   0   0   0   0   0
 255 255 255 255 255 255 255 255 255 255 127   0   0   0   0   0
 255 255 255 255 255 255 255 255 255 255 127   0   0   0   0   0
 255 255 255 255 255 255 255 255 255 255 127   0   0   0   0   0
 255 255 255 255 255 255 255 255 255 255 127   0   0   0   0   0

   0   0   0   0   0 191 255 255 255 255 127   0   0   0   0   0
   0   0   0   0   0 191 255 255 255 255 127   0   0   0   0   0
   0   0   0   0   0 191 255 255 255 255 127   0   0   0   0   0
   0   0   0   0   0 191 255 255 255 255 127   0   0   0   0   0
   0   0   0   0   0 191 255 255 255 255 127   0   0   0   0   0
   0   0   0   0   0 191 255 255 255 255 191 127 127 127 127 127
   0   0   0   0   0 191 255 255 255 255 255 255 255 255 255 255
   0   0   0   0   0 191 255 255 255 255 255 255 255 255 255 255
   0   0   0   0   0 191 255 255 255 255 255 255 255 255 255 255
   0   0   0   0   0 191 255 255 255 255 255 255 255 255 255 255
  63  63  63  63  63 207 255 255 255 255 255 255 255 255 255 255
 255 255 255 255 255 255 255 255 255 255 255 255 255 255 255 255
 255 255 255 255 255 255 255 255 255 255 255 255 255 255 255 255
 255 255 255 255 255 255 255 255 255 255 255 255 255 255 255 255
 255 255 255 255 255 255 255 255 255 255 255 255 255 255 255 255
 255 255 255 255 255 255 255 255 255 255 255 255 255 255 255 255
   0   0   0   0   0 191 255 255 255 255 127   0   0   0   0   0
   0   0   0   0   0 191 255 255 255 255 127   0   0   0   0   0
   0   0   0   0   0 191 255 255 255 255 127   0   0   0   0   0
   0   0   0   0   0 191 255 255 255 255 127   0   0   0   0   0
   0   0   0   0   0 191 255 255 255 255 127   0   0   0   0   0
   0   0   0   0   0 191 255 255 255 255 191 127 127 127 127 127
   0   0   0   0   0 191 255 255 255 255 255 255 255 255 255 255
   0   0   0   0   0 191 255 255 255 255 255 255 255 255 255 255
   0   0   0   0   0 191 255 255 255 255 255 255 255 255 255 255
   0   0   0   0   0 191 255 255 255 255 255 255 255 255 255 255
  63  63  63  63  63 207 255 255 255 255 255 255 255 255 255 255
 255 255 255 255 255 255 255 255 255 255 255 255 255 255 255 255
 255 255 255 255 255 255 255 255 255 255 255 255 255 255 255 255
 255 255 255 255 255 255 255 255 255 255 255 255 255 255 255 255
 255 255 255 255 255 255 255 255 255 255 255 255 255 255 255 255
 255 255 255 255 255 255 255 255 255 255 255 255 255 255 255 255
   0   0   0   0   0 191 255 255 255 255 127   0   0   0   0   0
   0   0   0   0   0 191 255 255 255 255 127   0   0   0   0   0
   0   0   0   0   0 191 255 255 255 255 127   0   0   0   0   0
   0   0   0   0   0 191 255 255 255 255 127   0   0   0   0   0
   0   0   0   0   0 191 255 255 255 255 127   0   0   0   0   0
   0   0   0   0   0 191 255 255 255 255 191 127 127 127 127 127
   0   0   0   0   0 191 255 255 255 255 255 255 255 255 255 255
   0   0   0   0   0 191 255 255 255 255 255 255 255 255 255 255
   0   0   0   0   0 191 255 255 255 255 255 255 255 255 255 255
   0   0   0   0   0 191 255 255 255 255 255 255 255 255 255 255
  63  63  63  63  63 207 255 255 255 255 255 255 255 255 255 255
 255 255 255 255 255 255 255 255 255 255 255 255 255 255 255 255
 255 255 255 255 255 255 255 255 255 255 255 255 255 255 255 255
 255 255 255 255 255 255 255 255 255 255 255 255 255 255 255 255
 255 255 255 255 255 255 255 255 255 255 255 255 255 255 255 255
 255 255 255 255 255 255 255 255 255 255 255 255 255 255 255 255

