  60  65  73  80  75 181 226 229 226 229 226 227 227 230 228 230
  61  63  73  76  73 196 251 248 247 245 245 245 245 247 245 248
  72  68  71  75  79 196 250 247 245 245 245 246 245 247 247 247
  70  76  77  80  84 191 251 245 248 244 245 247 245 247 246 247
  72  75  82  78  94 185 252 245 248 246 244 245 246 245 246 247
 159 141 148 144 159 182 202 202 195 201 217 246 247 247 245 247
 242 254 255 250 253 177  87  82  84  90 135 245 247 247 247 247
 241 253 250 248 246 177  84  83  84  95 145 247 248 248 245 247
 242 252 248 247 248 178  89  81  98  85 138 251 248 245 247 249
 243 253 250 247 246 181  87  79  95  91 129 252 246 247 246 248
 239 254 254 253 251 197 101 106 108 106 143 246 248 248 246 247
  74  67  74  73  82 181 253 251 252 252 243 245 247 248 246 248
  73  74  77  83  91 200 249 248 249 245 245 248 245 247 245 248
  63  64  66  77  82 206 250 248 245 245 244 246 244 246 246 252
  60  65  69  72  76 203 249 247 244 245 244 246 247 247 246 251
  65  67  66  69  78 211 251 249 249 248 249 247 248 249 248 254
  55  57  58  58  63 180 228 229 228 232 230 231 231 232 233 233
  58  60  59  62  68 191 251 254 254 255 255 255 253 254 254 253
  54  59  60  63  70 190 253 255 255 255 255 255 255 254 254 255
  58  62  63  67  70 186 254 255 254 255 255 255 255 255 255 254
  67  71  74  76  76 185 252 255 254 254 255 255 255 255 255 253
 158 145 150 159 156 176 193 195 191 195 201 255 255 255 255 255
 240 252 253 252 254 165  74  71  75  75 127 254 254 254 255 255
 237 251 253 255 253 165  73  71  74  75 122 254 254 254 254 252
 236 251 254 254 253 168  69  72  70  80 121 255 254 254 255 254
 233 249 251 252 252 162  69  76  75  80 117 254 255 255 255 254
 233 241 240 244 242 168 101 105 106 111 142 253 255 255 255 254
  63  65  61  58  66 164 252 254 255 255 246 253 255 255 255 254
  60  64  64  64  74 200 253 254 255 255 255 255 255 255 255 255
  58  60  61  63  72 207 251 255 255 255 255 255 255 254 255 255
  53  56  59  62  71 207 253 255 255 255 255 255 255 255 253 254
  51  54  57  63  70 206 250 253 252 252 250 252 252 254 251 251
  44  35  40  42  46 148 199 203 199 204 202 203 205 207 208 208
  36  39  40  41  50 154 215 216 215 218 219 219 224 225 220 224
  43  41  40  46  55 147 214 215 217 217 220 221 222 224 223 224
  41  45  47  49  50 147 209 211 215 216 225 222 222 224 223 225
  54  60  68  57  70 137 206 209 211 215 217 222 223 222 220 225
 139 131 136 136 145 136 150 155 153 158 171 222 223 224 221 218
 200 210 216 212 212 144  50  55  55  52 100 222 227 225 222 217
 193 208 214 214 209 146  51  54  47  54 110 213 229 227 225 229
 192 208 208 210 205 147  57  44  53  53 109 224 228 225 226 225
 194 210 211 211 208 152  61  53  62  57  90 224 224 222 221 220
 184 195 198 196 193 170  85  94 104  99 118 227 226 224 220 220
  45  42  51  53  49 138 216 217 216 225 213 227 223 226 219 221
  42  41  43  48  52 159 211 214 213 217 218 225 220 225 218 211
  40  42  43  50  48 167 212 215 218 220 219 222 216 224 220 219
  40  45  41  48  54 168 212 215 219 220 219 217 214 216 214 217
  42  39  37  42  41 159 207 209 210 212 214 209 208 211 209 214

 230 248 247 247 247 247 247 247 249 248 247 248 248 252 251 254
 228 245 247 246 246 245 247 245 247 246 246 246 245 246 246 248
 230 247 247 247 245 247 247 248 245 247 248 248 247 246 247 249
 227 245 245 245 246 247 247 248 248 246 248 247 245 244 247 248
 227 245 246 247 245 246 245 247 251 252 246 245 248 246 246 247
 226 245 245 245 244 217 135 145 138 129 143 243 245 244 244 249
 229 245 245 244 246 201  90  95  85  91 106 252 245 245 245 248
 226 247 245 248 248 195  84  84  98  95 108 252 249 245 244 249
 229 248 247 245 245 202  82  83  81  79 106 251 248 248 247 249
 226 251 250 251 252 202  87  84  89  87 101 253 249 250 249 251
 181 196 196 191 185 182 177 177 178 181 197 181 200 206 203 211
  75  73  79  84  94 159 253 246 248 246 251  82  91  82  76  78
  80  76  75  80  78 144 250 248 247 247 253  73  83  77  72  69
  73  73  71  77  82 148 255 250 248 250 254  74  77  66  69  66
  65  63  68  76  75 141 254 253 252 253 254  67  74  64  65  67
  60  61  72  70  72 159 242 241 242 243 239  74  73  63  60  65
 233 253 255 254 253 255 255 252 254 254 254 254 255 255 254 251
 233 254 254 255 255 255 255 254 255 255 255 255 255 255 253 251
 232 254 254 255 255 255 254 254 254 255 255 255 255 254 255 254
 231 253 255 255 255 255 254 254 254 255 255 255 255 255 255 252
 231 255 255 255 255 255 254 254 255 254 253 253 255 255 255 252
 230 255 255 255 255 201 127 122 121 117 142 246 255 255 255 250
 232 255 255 255 254 195  75  75  80  80 111 255 255 255 255 252
 228 254 255 254 254 191  75  74  70  75 106 255 255 255 255 252
 229 254 255 255 255 195  71  71  72  76 105 254 254 255 255 253
 228 251 253 254 252 193  74  73  69  69 101 252 253 251 253 250
 180 191 190 186 185 176 165 165 168 162 168 164 200 207 207 206
  63  68  70  70  76 156 254 253 253 252 242  66  74  72  71  70
  58  62  63  67  76 159 252 255 254 252 244  58  64  63  62  63
  58  59  60  63  74 150 253 253 254 251 240  61  64  61  59  57
  57  60  59  62  71 145 252 251 251 249 241  65  64  60  56  54
  55  58  54  58  67 158 240 237 236 233 233  63  60  58  53  51
 208 224 224 225 225 218 217 229 225 220 220 221 211 219 217 214
 208 220 223 223 220 221 222 225 226 221 220 219 218 220 214 209
 207 225 224 224 222 224 225 227 225 222 224 226 225 224 216 211
 205 224 222 222 223 223 227 229 228 224 226 223 220 216 214 208
 203 219 221 222 222 222 222 213 224 224 227 227 225 222 217 209
 202 219 220 225 217 171 100 110 109  90 118 213 218 219 219 214
 204 218 217 216 215 158  52  54  53  57  99 225 217 220 220 212
 199 215 217 215 211 153  55  47  53  62 104 216 213 218 219 210
 203 216 215 211 209 155  55  54  44  53  94 217 214 215 215 209
 199 215 214 209 206 150  50  51  57  61  85 216 211 212 212 207
 148 154 147 147 137 136 144 146 147 152 170 138 159 167 168 159
  46  50  55  50  70 145 212 209 205 208 193  49  52  48  54  41
  42  41  46  49  57 136 212 214 210 211 196  53  48  50  48  42
  40  40  40  47  68 136 216 214 208 211 198  51  43  43  41  37
  35  39  41  45  60 131 210 208 208 210 195  42  41  42  45  39
  44  36  43  41  54 139 200 193 192 194 184  45  42  40  40  42

 254 248 249 248 247 249 248 249 249 251 211  78  69  66  67  65
 251 246 247 247 246 244 245 244 247 249 203  76  72  69  65  60
 252 246 246 244 246 244 245 245 248 250 206  82  77  66  64  63
 248 245 247 245 248 245 245 249 248 249 200  91  83  77  74  73
 248 246 248 247 245 243 252 252 251 253 181  82  73  74  67  74
 247 246 248 248 246 143 106 108 106 101 197 251 253 254 254 239
 248 246 247 246 252 129  91  95  79  87 181 246 247 250 253 243
 249 247 245 248 251 138  85  98  81  89 178 248 247 248 252 242
 247 245 248 248 247 145  95  84  83  84 177 246 248 250 253 241
 247 247 247 247 245 135  90  84  82  87 177 253 250 255 254 242
 247 245 247 247 246 217 201 195 202 202 182 159 144 148 141 159
 247 246 245 246 245 244 246 248 245 252 185  94  78  82  75  72
 247 246 247 245 247 245 244 248 245 251 191  84  80  77  76  70
 247 247 247 245 246 245 245 245 247 250 196  79  75  71  68  72
 248 245 247 245 245 245 245 247 248 251 196  73  76  73  63  61
 230 228 230 227 227 226 229 226 229 226 181  75  80  73  65  60
 251 251 254 252 252 250 252 252 253 250 206  70  63  57  54  51
 254 253 255 255 255 255 255 255 255 253 207  71  62  59  56  53
 255 255 254 255 255 255 255 255 255 251 207  72  63  61  60  58
 255 255 255 255 255 255 255 255 254 253 200  74  64  64  64  60
 254 255 255 255 253 246 255 255 254 252 164  66  58  61  65  63
 254 255 255 255 253 142 111 106 105 101 168 242 244 240 241 233
 254 255 255 255 254 117  80  75  76  69 162 252 252 251 249 233
 254 255 254 254 255 121  80  70  72  69 168 253 254 254 251 236
 252 254 254 254 254 122  75  74  71  73 165 253 255 253 251 237
 255 255 254 254 254 127  75  75  71  74 165 254 252 253 252 240
 255 255 255 255 255 201 195 191 195 193 176 156 159 150 145 158
 253 255 255 255 255 255 254 254 255 252 185  76  76  74  71  67
 254 255 255 255 255 255 255 254 255 254 186  70  67  63  62  58
 255 254 254 255 255 255 255 255 255 253 190  70  63  60  59  54
 253 254 254 253 255 255 255 254 254 251 191  68  62  59  60  58
 233 233 232 231 231 230 232 228 229 228 180  63  58  58  57  55
 214 209 211 208 209 214 212 210 209 207 159  41  42  37  39  42
 217 214 216 214 217 219 220 219 215 212 168  54  48  41  45  40
 219 220 224 216 222 219 220 218 215 212 167  48  50  43  42  40
 211 218 225 220 225 218 217 213 214 211 159  52  48  43  41  42
 221 219 226 223 227 213 225 216 217 216 138  49  53  51  42  45
 220 220 224 226 227 118  99 104  94  85 170 193 196 198 195 184
 220 221 222 224 224  90  57  62  53  61 152 208 211 211 210 194
 225 226 225 228 224 109  53  53  44  57 147 205 210 208 208 192
 229 225 227 229 213 110  54  47  54  51 146 209 214 214 208 193
 217 222 225 227 222 100  52  55  55  50 144 212 212 216 210 200
 218 221 224 223 222 171 158 153 155 150 136 145 136 136 131 139
 225 220 222 223 222 217 215 211 209 206 137  70  57  68  60  54
 225 223 224 222 222 225 216 215 211 209 147  50  49  47  45  41
 224 223 224 222 221 220 217 217 215 214 147  55  46  40  41  43
 224 220 225 224 219 219 218 215 216 215 154  50  41  40  39  36
 208 208 207 205 203 202 204 199 203 199 148  46  42  40  35  44

  65  60  63  73  74 239 243 242 241 242 159  72  70  72  61  60
  67  65  64  74  67 254 253 252 253 254 141  75  76  68  63  65
  66  69  66  77  74 254 250 248 250 255 148  82  77  71  73  73
  69  72  77  83  73 253 247 247 248 250 144  78  80  75  76  80
  78  76  82  91  82 251 246 248 246 253 159  94  84  79  73  75
 211 203 206 200 181 197 181 178 177 177 182 185 191 196 196 181
 251 249 250 249 253 101  87  89  84  87 202 252 251 250 251 226
 249 247 248 248 251 106  79  81  83  82 202 245 245 247 248 229
 249 244 245 249 252 108  95  98  84  84 195 248 248 245 247 226
 248 245 245 245 252 106  91  85  95  90 201 246 244 245 245 229
 249 244 244 245 243 143 129 138 145 135 217 244 245 245 245 226
 247 246 246 248 245 246 252 251 247 245 246 245 247 246 245 227
 248 247 244 245 247 248 246 248 248 247 247 246 245 245 245 227
 249 247 246 247 248 248 247 245 248 247 247 245 247 247 247 230
 248 246 246 245 246 246 246 247 245 247 245 246 246 247 245 228
 254 251 252 248 248 247 248 249 247 247 247 247 247 247 248 230
  51  53  58  60  63 233 233 236 237 240 158  67  58  54  58  55
  54  56  60  64  65 241 249 251 251 252 145  71  62  59  60  57
  57  59  61  64  61 240 251 254 253 253 150  74  63  60  59  58
  63  62  63  64  58 244 252 254 255 252 159  76  67  63  62  58
  70  71  72  74  66 242 252 253 253 254 156  76  70  70  68  63
 206 207 207 200 164 168 162 168 165 165 176 185 186 190 191 180
 250 253 251 253 252 101  69  69  73  74 193 252 254 253 251 228
 253 255 255 254 254 105  76  72  71  71 195 255 255 255 254 229
 252 255 255 255 255 106  75  70  74  75 191 254 254 255 254 228
 252 255 255 255 255 111  80  80  75  75 195 254 255 255 255 232
 250 255 255 255 246 142 117 121 122 127 201 255 255 255 255 230
 252 255 255 255 253 253 254 255 254 254 255 255 255 255 255 231
 252 255 255 255 255 255 255 254 254 254 255 255 255 255 253 231
 254 255 254 255 255 255 255 254 254 254 255 255 255 254 254 232
 251 253 255 255 255 255 255 255 254 255 255 255 255 254 254 233
 251 254 255 255 254 254 254 254 252 255 255 253 254 255 253 233
  42  40  40  42  45 184 194 192 193 200 139  54  41  43  36  44
  39  45  42  41  42 195 210 208 208 210 131  60  45  41  39  35
  37  41  43  43  51 198 211 208 214 216 136  68  47  40  40  40
  42  48  50  48  53 196 211 210 214 212 136  57  49  46  41  42
  41  54  48  52  49 193 208 205 209 212 145  70  50  55  50  46
 159 168 167 159 138 170 152 147 146 144 136 137 147 147 154 148
 207 212 212 211 216  85  61  57  51  50 150 206 209 214 215 199
 209 215 215 214 217  94  53  44  54  55 155 209 211 215 216 203
 210 219 218 213 216 104  62  53  47  55 153 211 215 217 215 199
 212 220 220 217 225  99  57  53  54  52 158 215 216 217 218 204
 214 219 219 218 213 118  90 109 110 100 171 217 225 220 219 202
 209 217 222 225 227 227 224 224 213 222 222 222 222 221 219 203
 208 214 216 220 223 226 224 228 229 227 223 223 222 222 224 205
 211 216 224 225 226 224 222 225 227 225 224 222 224 224 225 207
 209 214 220 218 219 220 221 226 225 222 221 220 223 223 220 208
 214 217 219 211 221 220 220 225 229 217 218 225 225 224 224 208

