 248 248 248 247 245 247 248 249 249 248 124  99  93  92  90  89
 247 248 250 247 248 249 249 250 249 248 126 100  94  91  89  90
 247 251 250 248 249 248 248 249 249 248 131  98  91  87  84  86
 247 251 249 246 248 250 249 249 249 249 127  96  95  89  83  80
 247 251 250 250 249 249 249 250 249 248 132  91  95  90  84  81
 249 250 251 250 250 249 249 250 249 247 145 106  94  92  86  88
 247 249 248 249 249 247 247 250 249 248 158 105  94  87  87  90
 247 249 245 249 249 248 247 250 249 248 155 102  90  90  91  88
 245 245 247 248 249 250 250 250 249 248 156 102  91  91  90  88
 246 250 247 249 249 249 250 249 249 246 154  99  99  91  87  88
 249 249 249 250 250 249 250 249 249 248 158 104  96  89  82  84
 247 249 246 249 249 249 248 250 249 249 158 105  98  92  88  86
 247 249 247 249 249 248 249 250 248 248 172 102 101  98  93  89
 248 251 247 248 249 248 249 250 248 249 176  97  91  91  88  83
 245 251 249 248 248 248 248 248 246 248 180 105  92  89  87  84
 252 250 250 250 251 251 251 253 253 253 174  97  92  89  87  85
 254 254 255 254 254 255 255 255 254 252 119  85  77  73  72  74
 254 255 255 254 254 254 254 254 254 253 122  86  79  75  74  73
 254 255 254 254 254 253 253 254 254 254 132  88  81  77  75  76
 254 254 253 254 254 254 254 254 254 251 128  91  81  79  76  73
 254 255 254 255 254 254 254 255 255 255 137  89  80  78  75  72
 254 255 254 255 255 254 253 255 254 253 147  92  78  78  73  72
 254 254 254 254 254 254 254 253 254 251 154  90  79  73  69  70
 254 254 253 254 255 254 254 253 254 254 161  92  82  76  74  73
 254 255 254 254 254 253 253 254 254 253 157  91  82  76  74  72
 254 254 254 254 254 254 253 253 254 252 156  91  81  78  75  72
 254 254 253 254 254 254 254 254 254 253 160  89  79  79  74  75
 254 253 253 254 254 254 254 254 254 253 159  89  79  76  72  71
 253 254 254 254 254 254 253 254 254 253 173  89  76  76  72  70
 254 254 254 254 254 253 252 253 254 254 178  88  78  72  69  71
 253 254 254 254 254 253 253 255 255 253 176  91  77  72  72  73
 254 255 255 255 255 254 254 255 255 254 165  85  77  73  71  72
 228 234 234 240 240 242 242 244 242 236 101  66  57  56  51  50
 232 238 237 241 244 247 247 248 241 237 105  69  57  50  49  48
 231 238 242 244 246 246 247 246 243 225 103  71  55  52  51  52
 234 241 246 244 246 248 247 246 245 241 111  70  58  53  53  53
 235 239 245 245 245 246 247 245 243 225 107  70  60  55  55  53
 234 238 242 244 245 245 248 245 245 228 120  75  61  52  45  49
 234 242 241 245 244 241 246 249 245 244 147  74  59  55  53  52
 235 246 243 245 244 244 247 249 244 235 129  64  51  54  57  54
 234 243 241 245 247 248 248 248 245 242 143  74  53  53  54  53
 233 242 242 244 245 245 249 248 244 242 146  72  52  56  56  56
 231 241 247 245 245 246 246 245 244 237 138  75  56  52  46  46
 237 242 245 247 246 245 245 247 242 236 136  72  58  57  56  55
 239 240 244 247 244 243 247 246 244 240 155  71  59  54  51  55
 235 241 242 244 243 243 248 248 246 241 161  70  56  56  54  52
 231 238 240 236 238 243 246 239 237 237 161  72  57  52  50  49
 220 224 222 223 222 222 228 227 221 227 140  71  56  53  51  52

  89  90  86  80  81  88  90  88  88  88  84  86  89  83  84  85
  90  89  84  83  84  86  87  91  90  87  82  88  93  88  87  87
  92  91  87  89  90  92  87  90  91  91  89  92  98  91  89  89
  93  94  91  95  95  94  94  90  91  99  96  98 101  91  92  92
  99 100  98  96  91 106 105 102 102  99 104 105 102  97 105  97
 124 126 131 127 132 145 158 155 156 154 158 158 172 176 180 174
 248 248 248 249 248 247 248 248 248 246 248 249 248 249 248 253
 249 249 249 249 249 249 249 249 249 249 249 249 248 248 246 253
 249 250 249 249 250 250 250 250 250 249 249 250 250 250 248 253
 248 249 248 249 249 249 247 247 250 250 250 248 249 249 248 251
 247 249 248 250 249 249 247 248 250 249 249 249 248 248 248 251
 245 248 249 248 249 250 249 249 249 249 250 249 249 249 248 251
 247 247 248 246 250 250 249 249 248 249 250 249 249 248 248 250
 248 250 250 249 250 251 248 245 247 247 249 246 247 247 249 250
 248 248 251 251 251 250 249 249 245 250 249 249 249 251 251 250
 248 247 247 247 247 249 247 247 245 246 249 247 247 248 245 252
  74  73  76  73  72  72  70  73  72  72  75  71  70  71  73  72
  72  74  75  76  75  73  69  74  74  75  74  72  72  69  72  71
  73  75  77  79  78  78  73  76  76  78  79  76  76  72  72  73
  77  79  81  81  80  78  79  82  82  81  79  79  76  78  77  77
  85  86  88  91  89  92  90  92  91  91  89  89  89  88  91  85
 119 122 132 128 137 147 154 161 157 156 160 159 173 178 176 165
 252 253 254 251 255 253 251 254 253 252 253 253 253 254 253 254
 254 254 254 254 255 254 254 254 254 254 254 254 254 254 255 255
 255 254 254 254 255 255 253 253 254 253 254 254 254 253 255 255
 255 254 253 254 254 253 254 254 253 253 254 254 253 252 253 254
 255 254 253 254 254 254 254 254 253 254 254 254 254 253 253 254
 254 254 254 254 254 255 254 255 254 254 254 254 254 254 254 255
 254 254 254 254 255 255 254 254 254 254 254 254 254 254 254 255
 255 255 254 253 254 254 254 253 254 254 253 253 254 254 254 255
 254 255 255 254 255 255 254 254 255 254 254 253 254 254 254 255
 254 254 254 254 254 254 254 254 254 254 254 254 253 254 253 254
  50  48  52  53  53  49  52  54  53  56  46  55  55  52  49  52
  51  49  51  53  55  45  53  57  54  56  46  56  51  54  50  51
  56  50  52  53  55  52  55  54  53  56  52  57  54  56  52  53
  57  57  55  58  60  61  59  51  53  52  56  58  59  56  57  56
  66  69  71  70  70  75  74  64  74  72  75  72  71  70  72  71
 101 105 103 111 107 120 147 129 143 146 138 136 155 161 161 140
 236 237 225 241 225 228 244 235 242 242 237 236 240 241 237 227
 242 241 243 245 243 245 245 244 245 244 244 242 244 246 237 221
 244 248 246 246 245 245 249 249 248 248 245 247 246 248 239 227
 242 247 247 247 247 248 246 247 248 249 246 245 247 248 246 228
 242 247 246 248 246 245 241 244 248 245 246 245 243 243 243 222
 240 244 246 246 245 245 244 244 247 245 245 246 244 243 238 222
 240 241 244 244 245 244 245 245 245 244 245 247 247 244 236 223
 234 237 242 246 245 242 241 243 241 242 247 245 244 242 240 222
 234 238 238 241 239 238 242 246 243 242 241 242 240 241 238 224
 228 232 231 234 235 234 234 235 234 233 231 237 239 235 231 220

  85  87  89  92  97 174 253 253 253 251 251 251 250 250 250 252
  84  87  89  92 105 180 248 246 248 248 248 248 248 249 251 245
  83  88  91  91  97 176 249 248 250 249 248 249 248 247 251 248
  89  93  98 101 102 172 248 248 250 249 248 249 249 247 249 247
  86  88  92  98 105 158 249 249 250 248 249 249 249 246 249 247
  84  82  89  96 104 158 248 249 249 250 249 250 250 249 249 249
  88  87  91  99  99 154 246 249 249 250 249 249 249 247 250 246
  88  90  91  91 102 156 248 249 250 250 250 249 248 247 245 245
  88  91  90  90 102 155 248 249 250 247 248 249 249 245 249 247
  90  87  87  94 105 158 248 249 250 247 247 249 249 248 249 247
  88  86  92  94 106 145 247 249 250 249 249 250 250 251 250 249
  81  84  90  95  91 132 248 249 250 249 249 249 250 250 251 247
  80  83  89  95  96 127 249 249 249 249 250 248 246 249 251 247
  86  84  87  91  98 131 248 249 249 248 248 249 248 250 251 247
  90  89  91  94 100 126 248 249 250 249 249 248 247 250 248 247
  89  90  92  93  99 124 248 249 249 248 247 245 247 248 248 248
  72  71  73  77  85 165 254 255 255 254 254 255 255 255 255 254
  73  72  72  77  91 176 253 255 255 253 253 254 254 254 254 253
  71  69  72  78  88 178 254 254 253 252 253 254 254 254 254 254
  70  72  76  76  89 173 253 254 254 253 254 254 254 254 254 253
  71  72  76  79  89 159 253 254 254 254 254 254 254 253 253 254
  75  74  79  79  89 160 253 254 254 254 254 254 254 253 254 254
  72  75  78  81  91 156 252 254 253 253 254 254 254 254 254 254
  72  74  76  82  91 157 253 254 254 253 253 254 254 254 255 254
  73  74  76  82  92 161 254 254 253 254 254 255 254 253 254 254
  70  69  73  79  90 154 251 254 253 254 254 254 254 254 254 254
  72  73  78  78  92 147 253 254 255 253 254 255 255 254 255 254
  72  75  78  80  89 137 255 255 255 254 254 254 255 254 255 254
  73  76  79  81  91 128 251 254 254 254 254 254 254 253 254 254
  76  75  77  81  88 132 254 254 254 253 253 254 254 254 255 254
  73  74  75  79  86 122 253 254 254 254 254 254 254 255 255 254
  74  72  73  77  85 119 252 254 255 255 255 254 254 255 254 254
  52  51  53  56  71 140 227 221 227 228 222 222 223 222 224 220
  49  50  52  57  72 161 237 237 239 246 243 238 236 240 238 231
  52  54  56  56  70 161 241 246 248 248 243 243 244 242 241 235
  55  51  54  59  71 155 240 244 246 247 243 244 247 244 240 239
  55  56  57  58  72 136 236 242 247 245 245 246 247 245 242 237
  46  46  52  56  75 138 237 244 245 246 246 245 245 247 241 231
  56  56  56  52  72 146 242 244 248 249 245 245 244 242 242 233
  53  54  53  53  74 143 242 245 248 248 248 247 245 241 243 234
  54  57  54  51  64 129 235 244 249 247 244 244 245 243 246 235
  52  53  55  59  74 147 244 245 249 246 241 244 245 241 242 234
  49  45  52  61  75 120 228 245 245 248 245 245 244 242 238 234
  53  55  55  60  70 107 225 243 245 247 246 245 245 245 239 235
  53  53  53  58  70 111 241 245 246 247 248 246 244 246 241 234
  52  51  52  55  71 103 225 243 246 247 246 246 244 242 238 231
  48  49  50  57  69 105 237 241 248 247 247 244 241 237 238 232
  50  51  56  57  66 101 236 242 244 242 242 240 240 234 234 228

 252 245 248 247 247 249 246 245 247 247 249 247 247 247 247 248
 250 251 251 249 249 249 250 245 249 249 250 251 251 251 248 248
 250 249 247 247 246 249 247 247 245 248 251 250 249 250 250 248
 250 248 248 249 249 250 249 248 249 249 250 250 246 248 247 247
 251 248 249 249 249 250 249 249 249 249 250 249 248 249 248 245
 251 248 248 248 249 249 249 250 248 247 249 249 250 248 249 247
 251 248 249 249 248 250 250 250 247 247 249 249 249 248 249 248
 253 248 250 250 250 249 249 250 250 250 250 250 249 249 250 249
 253 246 248 248 249 249 249 249 249 249 249 249 249 249 249 249
 253 248 249 248 249 248 246 248 248 248 247 248 249 248 248 248
 174 180 176 172 158 158 154 156 155 158 145 132 127 131 126 124
  97 105  97 102 105 104  99 102 102 105 106  91  96  98 100  99
  92  92  91 101  98  96  99  91  90  94  94  95  95  91  94  93
  89  89  91  98  92  89  91  91  90  87  92  90  89  87  91  92
  87  87  88  93  88  82  87  90  91  87  86  84  83  84  89  90
  85  84  83  89  86  84  88  88  88  90  88  81  80  86  90  89
 254 253 254 253 254 254 254 254 254 254 254 254 254 254 254 254
 255 254 254 254 253 254 254 255 254 254 255 255 254 255 255 254
 255 254 254 254 253 253 254 254 253 254 254 254 253 254 255 255
 255 254 254 254 254 254 254 254 254 254 255 255 254 254 254 254
 255 254 254 254 254 254 254 254 255 254 255 254 254 254 254 254
 254 253 253 254 254 254 254 253 254 254 254 254 254 253 254 255
 254 253 252 253 254 254 253 253 254 254 253 254 254 253 254 255
 255 255 253 254 254 254 253 254 253 253 255 255 254 254 254 255
 255 255 254 254 254 254 254 254 254 254 254 255 254 254 254 254
 254 253 254 253 253 253 252 253 254 251 253 255 251 254 253 252
 165 176 178 173 159 160 156 157 161 154 147 137 128 132 122 119
  85  91  88  89  89  89  91  91  92  90  92  89  91  88  86  85
  77  77  78  76  79  79  81  82  82  79  78  80  81  81  79  77
  73  72  72  76  76  79  78  76  76  73  78  78  79  77  75  73
  71  72  69  72  72  74  75  74  74  69  73  75  76  75  74  72
  72  73  71  70  71  75  72  72  73  70  72  72  73  76  73  74
 220 231 235 239 237 231 233 234 235 234 234 235 234 231 232 228
 224 238 241 240 242 241 242 243 246 242 238 239 241 238 238 234
 222 240 242 244 245 247 242 241 243 241 242 245 246 242 237 234
 223 236 244 247 247 245 244 245 245 245 244 245 244 244 241 240
 222 238 243 244 246 245 245 247 244 244 245 245 246 246 244 240
 222 243 243 243 245 246 245 248 244 241 245 246 248 246 247 242
 228 246 248 247 245 246 249 248 247 246 248 247 247 247 247 242
 227 239 248 246 247 245 248 248 249 249 245 245 246 246 248 244
 221 237 246 244 242 244 244 245 244 245 245 243 245 243 241 242
 227 237 241 240 236 237 242 242 235 244 228 225 241 225 237 236
 140 161 161 155 136 138 146 143 129 147 120 107 111 103 105 101
  71  72  70  71  72  75  72  74  64  74  75  70  70  71  69  66
  56  57  56  59  58  56  52  53  51  59  61  60  58  55  57  57
  53  52  56  54  57  52  56  53  54  55  52  55  53  52  50  56
  51  50  54  51  56  46  56  54  57  53  45  55  53  51  49  51
  52  49  52  55  55  46  56  53  54  52  49  53  53  52  48  50

