   0   0   0   0   0 127 255 255 255 255 255 255 255 255 255 255
   0   0   0   0   0 127 255 255 255 255 255 255 255 255 255 255
   0   0   0   0   0 127 255 255 255 255 255 255 255 255 255 255
   0   0   0   0   0 127 255 255 255 255 255 255 255 255 255 255
   0   0   0   0   0 127 255 255 255 255 255 255 255 255 255 255
 127 127 127 127 127 127 127 127 127 127 159 255 255 255 255 255
 255 255 255 255 255 127   0   0   0   0  63 255 255 255 255 255
 255 255 255 255 255 127   0   0   0   0  63 255 255 255 255 255
 255 255 255 255 255 127   0   0   0   0  63 255 255 255 255 255
 255 255 255 255 255 127   0   0   0   0  63 255 255 255 255 255
 191 191 191 191 191  95   0   0   0   0  63 255 255 255 255 255
   0   0   0   0   0   0   0   0   0   0  63 255 255 255 255 255
   0   0   0   0   0   0   0   0   0   0  63 255 255 255 255 255
   0   0   0   0   0   0   0   0   0   0  63 255 255 255 255 255
   0   0   0   0   0   0   0   0   0   0  63 255 255 255 255 255
   0   0   0   0   0   0   0   0   0   0  63 255 255 255 255 255
   0   0   0   0   0 127 255 255 255 255 255 255 255 255 255 255
   0   0   0   0   0 127 255 255 255 255 255 255 255 255 255 255
   0   0   0   0   0 127 255 255 255 255 255 255 255 255 255 255
   0   0   0   0   0 127 255 255 255 255 255 255 255 255 255 255
   0   0   0   0   0 127 255 255 255 255 255 255 255 255 255 255
 127 127 127 127 127 127 127 127 127 127 159 255 255 255 255 255
 255 255 255 255 255 127   0   0   0   0  63 255 255 255 255 255
 255 255 255 255 255 127   0   0   0   0  63 255 255 255 255 255
 255 255 255 255 255 127   0   0   0   0  63 255 255 255 255 255
 255 255 255 255 255 127   0   0   0   0  63 255 255 255 255 255
 191 191 191 191 191  95   0   0   0   0  63 255 255 255 255 255
   0   0   0   0   0   0   0   0   0   0  63 255 255 255 255 255
   0   0   0   0   0   0   0   0   0   0  63 255 255 255 255 255
   0   0   0   0   0   0   0   0   0   0  63 255 255 255 255 255
   0   0   0   0   0   0   0   0   0   0  63 255 255 255 255 255
   0   0   0   0   0   0   0   0   0   0  63 255 255 255 255 255
   0   0   0   0   0 127 255 255 255 255 255 255 255 255 255 255
   0   0   0   0   0 127 255 255 255 255 255 255 255 255 255 255
   0   0   0   0   0 127 255 255 255 255 255 255 255 255 255 255
   0   0   0   0   0 127 255 255 255 255 255 255 255 255 255 255
   0   0   0   0   0 127 255 255 255 255 255 255 255 255 255 255
 127 127 127 127 127 127 127 127 127 127 159 255 255 255 255 255
 255 255 255 255 255 127   0   0   0   0  63 255 255 255 255 255
 255 255 255 255 255 127   0   0   0   0  63 255 255 255 255 255
 255 255 255 255 255 127   0   0   0   0  63 255 255 255 255 255
 255 255 255 255 255 127   0   0   0   0  63 255 255 255 255 255
 191 191 191 191 191  95   0   0   0   0  63 255 255 255 255 255
   0   0   0   0   0   0   0   0   0   0  63 255 255 255 255 255
   0   0   0   0   0   0   0   0   0   0  63 255 255 255 255 255
   0   0   0   0   0   0   0   0   0   0  63 255 255 255 255 255
   0   0   0   0   0   0   0   0   0   0  63 255 255 255 255 255
   0   0   0   0   0   0   0   0   0   0  63 255 255 255 255 255

 255 255 255 255 255 255 255 255 255 255 255 255 255 255 255 255
 255 255 255 255 255 255 255 255 255 255 255 255 255 255 255 255
 255 255 255 255 255 255 255 255 255 255 255 255 255 255 255 255
 255 255 255 255 255 255 255 255 255 255 255 255 255 255 255 255
 255 255 255 255 255 255 255 255 255 255 255 255 255 255 255 255
 255 255 255 255 255 159  63  63  63  63  63  63  63  63  63  63
 255 255 255 255 255 127   0   0   0   0   0   0   0   0   0   0
 255 255 255 255 255 127   0   0   0   0   0   0   0   0   0   0
 255 255 255 255 255 127   0   0   0   0   0   0   0   0   0   0
 255 255 255 255 255 127   0   0   0   0   0   0   0   0   0   0
 127 127 127 127 127 127 127 127 127 127  95   0   0   0   0   0
   0   0   0   0   0 127 255 255 255 255 191   0   0   0   0   0
   0   0   0   0   0 127 255 255 255 255 191   0   0   0   0   0
   0   0   0   0   0 127 255 255 255 255 191   0   0   0   0   0
   0   0   0   0   0 127 255 255 255 255 191   0   0   0   0   0
   0   0   0   0   0 127 255 255 255 255 191   0   0   0   0   0
 255 255 255 255 255 255 255 255 255 255 255 255 255 255 255 255
 255 255 255 255 255 255 255 255 255 255 255 255 255 255 255 255
 255 255 255 255 255 255 255 255 255 255 255 255 255 255 255 255
 255 255 255 255 255 255 255 255 255 255 255 255 255 255 255 255
 255 255 255 255 255 255 255 255 255 255 255 255 255 255 255 255
 255 255 255 255 255 159  63  63  63  63  63  63  63  63  63  63
 255 255 255 255 255 127   0   0   0   0   0   0   0   0   0   0
 255 255 255 255 255 127   0   0   0   0   0   0   0   0   0   0
 255 255 255 255 255 127   0   0   0   0   0   0   0   0   0   0
 255 255 255 255 255 127   0   0   0   0   0   0   0   0   0   0
 127 127 127 127 127 127 127 127 127 127  95   0   0   0   0   0
   0   0   0   0   0 127 255 255 255 255 191   0   0   0   0   0
   0   0   0   0   0 127 255 255 255 255 191   0   0   0   0   0
   0   0   0   0   0 127 255 255 255 255 191   0   0   0   0   0
   0   0   0   0   0 127 255 255 255 255 191   0   0   0   0   0
   0   0   0   0   0 127 255 255 255 255 191   0   0   0   0   0
 255 255 255 255 255 255 255 255 255 255 255 255 255 255 255 255
 255 255 255 255 255 255 255 255 255 255 255 255 255 255 255 255
 255 255 255 255 255 255 255 255 255 255 255 255 255 255 255 255
 255 255 255 255 255 255 255 255 255 255 255 255 255 255 255 255
 255 255 255 255 255 255 255 255 255 255 255 255 255 255 255 255
 255 255 255 255 255 159  63  63  63  63  63  63  63  63  63  63
 255 255 255 255 255 127   0   0   0   0   0   0   0   0   0   0
 255 255 255 255 255 127   0   0   0   0   0   0   0   0   0   0
 255 255 255 255 255 127   0   0   0   0   0   0   0   0   0   0
 255 255 255 255 255 127   0   0   0   0   0   0   0   0   0   0
 127 127 127 127 127 127 127 127 127 127  95   0   0   0   0   0
   0   0   0   0   0 127 255 255 255 255 191   0   0   0   0   0
   0   0   0   0   0 127 255 255 255 255 191   0   0   0   0   0
   0   0   0   0   0 127 255 255 255 255 191   0   0   0   0   0
   0   0   0   0   0 127 255 255 255 255 191   0   0   0   0   0
   0   0   0   0   0 127 255 255 255 255 191   0   0   0   0   0

 255 255 255 255 255  63   0   0   0   0   0   0   0   0   0   0
 255 255 255 255 255  63   0   0   0   0   0   0   0   0   0   0
 255 255 255 255 255  63   0   0   0   0   0   0   0   0   0   0
 255 255 255 255 255  63   0   0   0   0   0   0   0   0   0   0
 255 255 255 255 255  63   0   0   0   0   0   0   0   0   0   0
 255 255 255 255 255  63   0   0   0   0  95 191 191 191 191 191
 255 255 255 255 255  63   0   0   0   0 127 255 255 255 255 255
 255 255 255 255 255  63   0   0   0   0 127 255 255 255 255 255
 255 255 255 255 255  63   0   0   0   0 127 255 255 255 255 255
 255 255 255 255 255  63   0   0   0   0 127 255 255 255 255 255
 255 255 255 255 255 159 127 127 127 127 127 127 127 127 127 127
 255 255 255 255 255 255 255 255 255 255 127   0   0   0   0   0
 255 255 255 255 255 255 255 255 255 255 127   0   0   0   0   0
 255 255 255 255 255 255 255 255 255 255 127   0   0   0   0   0
 255 255 255 255 255 255 255 255 255 255 127   0   0   0   0   0
 255 255 255 255 255 255 255 255 255 255 127   0   0   0   0   0
 255 255 255 255 255  63   0   0   0   0   0   0   0   0   0   0
 255 255 255 255 255  63   0   0   0   0   0   0   0   0   0   0
 255 255 255 255 255  63   0   0   0   0   0   0   0   0   0   0
 255 255 255 255 255  63   0   0   0   0   0   0   0   0   0   0
 255 255 255 255 255  63   0   0   0   0   0   0   0   0   0   0
 255 255 255 255 255  63   0   0   0   0  95 191 191 191 191 191
 255 255 255 255 255  63   0   0   0   0 127 255 255 255 255 255
 255 255 255 255 255  63   0   0   0   0 127 255 255 255 255 255
 255 255 255 255 255  63   0   0   0   0 127 255 255 255 255 255
 255 255 255 255 255  63   0   0   0   0 127 255 255 255 255 255
 255 255 255 255 255 159 127 127 127 127 127 127 127 127 127 127
 255 255 255 255 255 255 255 255 255 255 127   0   0   0   0   0
 255 255 255 255 255 255 255 255 255 255 127   0   0   0   0   0
 255 255 255 255 255 255 255 255 255 255 127   0   0   0   0   0
 255 255 255 255 255 255 255 255 255 255 127   0   0   0   0   0
 255 255 255 255 255 255 255 255 255 255 127   0   0   0   0   0
 255 255 255 255 255  63   0   0   0   0   0   0   0   0   0   0
 255 255 255 255 255  63   0   0   0   0   0   0   0   0   0   0
 255 255 255 255 255  63   0   0   0   0   0   0   0   0   0   0
 255 255 255 255 255  63   0   0   0   0   0   0   0   0   0   0
 255 255 255 255 255  63   0   0   0   0   0   0   0   0   0   0
 255 255 255 255 255  63   0   0   0   0  95 191 191 191 191 191
 255 255 255 255 255  63   0   0   0   0 127 255 255 255 255 255
 255 255 255 255 255  63   0   0   0   0 127 255 255 255 255 255
 255 255 255 255 255  63   0   0   0   0 127 255 255 255 255 255
 255 255 255 255 255  63   0   0   0   0 127 255 255 255 255 255
 255 255 255 255 255 159 127 127 127 127 127 127 127 127 127 127
 255 255 255 255 255 255 255 255 255 255 127   0   0   0   0   0
 255 255 255 255 255 255 255 255 255 255 127   0   0   0   0   0
 255 255 255 255 255 255 255 255 255 255 127   0   0   0   0   0
 255 255 255 255 255 255 255 255 255 255 127   0   0   0   0   0
 255 255 255 255 255 255 255 255 255 255 127   0   0   0   0   0

   0   0   0   0   0 191 255 255 255 255 127   0   0   0   0   0
   0   0   0   0   0 191 255 255 255 255 127   0   0   0   0   0
   0   0   0   0   0 191 255 255 255 255 127   0   0   0   0   0
   0   0   0   0   0 191 255 255 255 255 127   0   0   0   0   0
   0   0   0   0   0 191 255 255 255 255 127   0   0   0   0   0
   0   0   0   0   0  95 127 127 127 127 127 127 127 127 127 127
   0   0   0   0   0   0   0   0   0   0 127 255 255 255 255 255
   0   0   0   0   0   0   0   0   0   0 127 255 255 255 255 255
   0   0   0   0   0   0   0   0   0   0 127 255 255 255 255 255
   0   0   0   0   0   0   0   0   0   0 127 255 255 255 255 255
  63  63  63  63  63  63  63  63  63  63 159 255 255 255 255 255
 255 255 255 255 255 255 255 255 255 255 255 255 255 255 255 255
 255 255 255 255 255 255 255 255 255 255 255 255 255 255 255 255
 255 255 255 255 255 255 255 255 255 255 255 255 255 255 255 255
 255 255 255 255 255 255 255 255 255 255 255 255 255 255 255 255
 255 255 255 255 255 255 255 255 255 255 255 255 255 255 255 255
   0   0   0   0   0 191 255 255 255 255 127   0   0   0   0   0
   0   0   0   0   0 191 255 255 255 255 127   0   0   0   0   0
   0   0   0   0   0 191 255 255 255 255 127   0   0   0   0   0
   0   0   0   0   0 191 255 255 255 255 127   0   0   0   0   0
   0   0   0   0   0 191 255 255 255 255 127   0   0   0   0   0
   0   0   0   0   0  95 127 127 127 127 127 127 127 127 127 127
   0   0   0   0   0   0   0   0   0   0 127 255 255 255 255 255
   0   0   0   0   0   0   0   0   0   0 127 255 255 255 255 255
   0   0   0   0   0   0   0   0   0   0 127 255 255 255 255 255
   0   0   0   0   0   0   0   0   0   0 127 255 255 255 255 255
  63  63  63  63  63  63  63  63  63  63 159 255 255 255 255 255
 255 255 255 255 255 255 255 255 255 255 255 255 255 255 255 255
 255 255 255 255 255 255 255 255 255 255 255 255 255 255 255 255
 255 255 255 255 255 255 255 255 255 255 255 255 255 255 255 255
 255 255 255 255 255 255 255 255 255 255 255 255 255 255 255 255
 255 255 255 255 255 255 255 255 255 255 255 255 255 255 255 255
   0   0   0   0   0 191 255 255 255 255 127   0   0   0   0   0
   0   0   0   0   0 191 255 255 255 255 127   0   0   0   0   0
   0   0   0   0   0 191 255 255 255 255 127   0   0   0   0   0
   0   0   0   0   0 191 255 255 255 255 127   0   0   0   0   0
   0   0   0   0   0 191 255 255 255 255 127   0   0   0   0   0
   0   0   0   0   0  95 127 127 127 127 127 127 127 127 127 127
   0   0   0   0   0   0   0   0   0   0 127 255 255 255 255 255
   0   0   0   0   0   0   0   0   0   0 127 255 255 255 255 255
   0   0   0   0   0   0   0   0   0   0 127 255 255 255 255 255
   0   0   0   0   0   0   0   0   0   0 127 255 255 255 255 255
  63  63  63  63  63  63  63  63  63  63 159 255 255 255 255 255
 255 255 255 255 255 255 255 255 255 255 255 255 255 255 255 255
 255 255 255 255 255 255 255 255 255 255 255 255 255 255 255 255
 255 255 255 255 255 255 255 255 255 255 255 255 255 255 255 255
 255 255 255 255 255 255 255 255 255 255 255 255 255 255 255 255
 255 255 255 255 255 255 255 255 255 255 255 255 255 255 255 255

