  61  61  65  72  77 151 253 250 250 248 249 249 250 249 248 246
  62  62  67  69  78 158 253 247 246 246 247 248 246 246 246 245
  60  69  70  75  83 167 252 245 246 247 246 247 245 246 245 244
  69  70  77  79  90 183 252 245 245 245 246 248 248 246 244 246
  69  76  79  89  85 168 250 246 246 244 246 246 247 247 246 245
 199 224 224 204 208 225 248 247 245 247 246 246 246 247 247 246
 245 253 251 249 248 246 245 246 246 247 249 248 248 246 245 247
 242 253 250 249 246 246 245 246 246 246 247 247 248 247 247 246
 239 253 250 249 247 246 247 247 245 247 246 247 246 248 247 245
 237 252 252 250 248 247 247 247 246 246 246 245 244 246 248 246
 198 214 207 198 192 220 248 246 245 246 246 247 247 245 246 247
  69  67  73  68  69 149 246 246 246 246 245 246 247 245 245 246
  62  67  68  63  72 141 246 247 247 246 246 246 245 246 246 247
  60  62  59  70  75 141 248 248 248 245 244 247 246 247 246 248
  55  60  57  65  72 142 248 247 245 245 246 246 247 248 245 246
  55  58  55  58  69 142 253 252 249 244 238 233 229 225 224 218
  49  51  53  54  61 156 250 252 253 254 254 253 252 254 254 254
  50  53  52  56  63 159 253 254 255 254 254 254 254 254 254 254
  53  54  54  57  67 167 253 255 254 254 254 254 254 255 254 254
  52  54  55  61  70 185 254 254 254 254 254 255 255 255 254 254
  58  66  71  77  82 171 255 253 254 254 254 254 254 254 254 254
 200 222 224 205 216 235 254 254 254 255 254 253 254 255 255 255
 245 249 250 252 253 254 254 254 254 254 254 255 255 255 254 254
 243 250 252 252 254 255 254 254 254 254 254 255 255 255 255 254
 243 251 252 252 254 254 255 254 254 255 254 254 254 254 254 253
 240 248 250 252 253 254 254 254 254 255 254 254 254 254 255 254
 188 194 188 190 185 211 254 254 254 254 254 254 255 254 254 254
  52  54  53  59  61 145 253 254 254 254 254 254 255 255 254 254
  51  53  55  61  64 139 252 254 254 254 254 254 254 254 254 254
  46  51  52  56  60 134 253 254 254 254 254 254 254 255 255 255
  46  48  51  51  58 140 252 254 253 254 254 254 254 255 255 254
  47  48  49  52  59 136 248 246 242 240 233 231 229 225 224 219
  33  36  38  44  48 125 223 225 224 225 230 228 228 229 225 220
  34  42  41  40  50 124 222 218 220 226 227 228 228 229 230 225
  33  38  41  45  55 140 226 222 223 227 230 234 232 227 228 225
  40  42  47  50  51 152 224 224 227 229 233 237 234 231 229 228
  59  64  59  67  78 150 224 227 231 227 230 235 234 233 233 226
 172 196 200 185 191 204 225 230 228 233 234 234 231 235 235 224
 212 218 217 217 223 224 224 227 225 231 236 236 234 231 232 231
 213 223 221 223 222 222 223 226 228 231 232 232 233 231 234 232
 209 218 221 222 220 223 222 226 231 234 233 231 231 237 235 230
 207 218 219 220 221 222 224 229 229 231 229 230 229 233 234 228
 164 166 164 165 160 185 222 226 227 231 229 234 231 231 232 223
  44  39  47  45  51 132 222 226 227 232 228 233 233 226 226 228
  37  37  42  41  53 123 223 226 230 227 227 228 229 226 229 227
  37  36  37  40  56 116 219 226 227 228 228 231 226 224 229 221
  37  37  34  38  54 126 223 222 225 225 226 228 227 224 224 218
  35  35  34  34  46 114 214 208 208 205 203 201 194 196 193 186

 246 245 244 246 245 246 247 246 245 246 247 246 247 248 246 218
 248 246 245 244 246 247 245 247 247 248 246 245 246 246 245 224
 249 246 246 246 247 247 246 247 248 246 245 245 246 247 248 225
 250 246 245 248 247 246 248 248 246 244 247 247 245 246 247 229
 249 248 247 248 246 246 248 247 247 245 247 246 246 247 246 233
 249 247 246 246 246 246 249 247 246 246 246 245 246 244 246 238
 248 246 247 245 244 247 247 246 247 246 246 246 246 245 245 244
 250 246 246 245 246 245 246 246 245 246 245 246 247 248 245 249
 250 247 245 245 246 247 246 246 247 247 246 246 247 248 247 252
 253 253 252 252 250 248 245 245 247 247 248 246 246 248 248 253
 151 158 167 183 168 225 246 246 246 247 220 149 141 141 142 142
  77  78  83  90  85 208 248 246 247 248 192  69  72  75  72  69
  72  69  75  79  89 204 249 249 249 250 198  68  63  70  65  58
  65  67  70  77  79 224 251 250 250 252 207  73  68  59  57  55
  61  62  69  70  76 224 253 253 253 252 214  67  67  62  60  58
  61  62  60  69  69 199 245 242 239 237 198  69  62  60  55  55
 254 254 254 254 254 255 254 254 253 254 254 254 254 255 254 219
 254 254 254 254 254 255 254 255 254 255 254 254 254 255 255 224
 254 254 255 255 254 255 255 255 254 254 254 255 254 255 255 225
 252 254 254 255 254 254 255 255 254 254 255 255 254 254 254 229
 253 254 254 255 254 253 255 255 254 254 254 254 254 254 254 231
 254 254 254 254 254 254 254 254 254 254 254 254 254 254 254 233
 254 254 254 254 254 255 254 254 255 255 254 254 254 254 254 240
 253 255 254 254 254 254 254 254 254 254 254 254 254 254 253 242
 252 254 255 254 253 254 254 254 254 254 254 254 254 254 254 246
 250 253 253 254 255 254 254 254 255 254 254 253 252 253 252 248
 156 159 167 185 171 235 254 255 254 254 211 145 139 134 140 136
  61  63  67  70  82 216 253 254 254 253 185  61  64  60  58  59
  54  56  57  61  77 205 252 252 252 252 190  59  61  56  51  52
  53  52  54  55  71 224 250 252 252 250 188  53  55  52  51  49
  51  53  54  54  66 222 249 250 251 248 194  54  53  51  48  48
  49  50  53  52  58 200 245 243 243 240 188  52  51  46  46  47
 220 225 225 228 226 224 231 232 230 228 223 228 227 221 218 186
 225 230 228 229 233 235 232 234 235 234 232 226 229 229 224 193
 229 229 227 231 233 235 231 231 237 233 231 226 226 224 224 196
 228 228 232 234 234 231 234 233 231 229 231 233 229 226 227 194
 228 228 234 237 235 234 236 232 231 230 234 233 228 231 228 201
 230 227 230 233 230 234 236 232 233 229 229 228 227 228 226 203
 225 226 227 229 227 233 231 231 234 231 231 232 227 228 225 205
 224 220 223 227 231 228 225 228 231 229 227 227 230 227 225 208
 225 218 222 224 227 230 227 226 226 229 226 226 226 226 222 208
 223 222 226 224 224 225 224 223 222 224 222 222 223 219 223 214
 125 124 140 152 150 204 224 222 223 222 185 132 123 116 126 114
  48  50  55  51  78 191 223 222 220 221 160  51  53  56  54  46
  44  40  45  50  67 185 217 223 222 220 165  45  41  40  38  34
  38  41  41  47  59 200 217 221 221 219 164  47  42  37  34  34
  36  42  38  42  64 196 218 223 218 218 166  39  37  36  37  35
  33  34  33  40  59 172 212 213 209 207 164  44  37  37  37  35

 218 224 225 229 233 238 244 249 252 253 142  69  58  55  58  55
 246 245 248 247 246 246 245 245 247 248 142  72  65  57  60  55
 248 246 247 246 247 244 245 248 248 248 141  75  70  59  62  60
 247 246 246 245 246 246 246 247 247 246 141  72  63  68  67  62
 246 245 245 247 246 245 246 246 246 246 149  69  68  73  67  69
 247 246 245 247 247 246 246 245 246 248 220 192 198 207 214 198
 246 248 246 244 245 246 246 246 247 247 247 248 250 252 252 237
 245 247 248 246 247 246 247 245 247 247 246 247 249 250 253 239
 246 247 247 248 247 247 246 246 246 245 246 246 249 250 253 242
 247 245 246 248 248 249 247 246 246 245 246 248 249 251 253 245
 246 247 247 246 246 246 247 245 247 248 225 208 204 224 224 199
 245 246 247 247 246 246 244 246 246 250 168  85  89  79  76  69
 246 244 246 248 248 246 245 245 245 252 183  90  79  77  70  69
 244 245 246 245 247 246 247 246 245 252 167  83  75  70  69  60
 245 246 246 246 248 247 246 246 247 253 158  78  69  67  62  62
 246 248 249 250 249 249 248 250 250 253 151  77  72  65  61  61
 219 224 225 229 231 233 240 242 246 248 136  59  52  49  48  47
 254 255 255 254 254 254 254 253 254 252 140  58  51  51  48  46
 255 255 255 254 254 254 254 254 254 253 134  60  56  52  51  46
 254 254 254 254 254 254 254 254 254 252 139  64  61  55  53  51
 254 254 255 255 254 254 254 254 254 253 145  61  59  53  54  52
 254 254 254 255 254 254 254 254 254 254 211 185 190 188 194 188
 254 255 254 254 254 254 255 254 254 254 254 253 252 250 248 240
 253 254 254 254 254 254 255 254 254 255 254 254 252 252 251 243
 254 255 255 255 255 254 254 254 254 254 255 254 252 252 250 243
 254 254 255 255 255 254 254 254 254 254 254 253 252 250 249 245
 255 255 255 254 253 254 255 254 254 254 235 216 205 224 222 200
 254 254 254 254 254 254 254 254 253 255 171  82  77  71  66  58
 254 254 255 255 255 254 254 254 254 254 185  70  61  55  54  52
 254 254 255 254 254 254 254 254 255 253 167  67  57  54  54  53
 254 254 254 254 254 254 254 255 254 253 159  63  56  52  53  50
 254 254 254 252 253 254 254 253 252 250 156  61  54  53  51  49
 186 193 196 194 201 203 205 208 208 214 114  46  34  34  35  35
 218 224 224 227 228 226 225 225 222 223 126  54  38  34  37  37
 221 229 224 226 231 228 228 227 226 219 116  56  40  37  36  37
 227 229 226 229 228 227 227 230 226 223 123  53  41  42  37  37
 228 226 226 233 233 228 232 227 226 222 132  51  45  47  39  44
 223 232 231 231 234 229 231 227 226 222 185 160 165 164 166 164
 228 234 233 229 230 229 231 229 229 224 222 221 220 219 218 207
 230 235 237 231 231 233 234 231 226 222 223 220 222 221 218 209
 232 234 231 233 232 232 231 228 226 223 222 222 223 221 223 213
 231 232 231 234 236 236 231 225 227 224 224 223 217 217 218 212
 224 235 235 231 234 234 233 228 230 225 204 191 185 200 196 172
 226 233 233 234 235 230 227 231 227 224 150  78  67  59  64  59
 228 229 231 234 237 233 229 227 224 224 152  51  50  47  42  40
 225 228 227 232 234 230 227 223 222 226 140  55  45  41  38  33
 225 230 229 228 228 227 226 220 218 222 124  50  40  41  42  34
 220 225 229 228 228 230 225 224 225 223 125  48  44  38  36  33

  55  55  60  62  69 198 237 239 242 245 199  69  69  60  62  61
  58  60  62  67  67 214 252 253 253 253 224  76  70  69  62  61
  55  57  59  68  73 207 252 250 250 251 224  79  77  70  67  65
  58  65  70  63  68 198 250 249 249 249 204  89  79  75  69  72
  69  72  75  72  69 192 248 247 246 248 208  85  90  83  78  77
 142 142 141 141 149 220 247 246 246 246 225 168 183 167 158 151
 253 248 248 246 246 248 247 247 245 245 248 250 252 252 253 253
 252 247 248 247 246 246 247 247 246 246 247 246 245 245 247 250
 249 245 248 247 246 245 246 245 246 246 245 246 245 246 246 250
 244 245 245 246 246 246 246 247 246 247 247 244 245 247 246 248
 238 246 244 246 245 246 246 246 247 249 246 246 246 246 247 249
 233 246 247 246 246 247 245 247 247 248 246 246 248 247 248 249
 229 247 246 245 247 247 244 246 248 248 246 247 248 245 246 250
 225 248 247 246 245 245 246 248 247 246 247 247 246 246 246 249
 224 245 246 246 245 246 248 247 247 245 247 246 244 245 246 248
 218 246 248 247 246 247 246 245 246 247 246 245 246 244 245 246
  47  46  46  51  52 188 240 243 243 245 200  58  52  53  50  49
  48  48  51  53  54 194 248 251 250 249 222  66  54  54  53  51
  49  51  52  55  53 188 250 252 252 250 224  71  55  54  52  53
  52  51  56  61  59 190 252 252 252 252 205  77  61  57  56  54
  59  58  60  64  61 185 253 254 254 253 216  82  70  67  63  61
 136 140 134 139 145 211 254 254 255 254 235 171 185 167 159 156
 248 252 253 252 253 254 254 255 254 254 254 255 254 253 253 250
 246 254 254 254 254 254 254 254 254 254 254 253 254 255 254 252
 242 253 254 254 254 254 254 254 254 254 254 254 254 254 255 253
 240 254 254 254 254 254 255 255 254 254 255 254 254 254 254 254
 233 254 254 254 254 254 254 254 254 254 254 254 254 254 254 254
 231 254 254 254 254 254 254 254 255 255 253 254 255 254 254 253
 229 254 254 254 255 255 254 254 255 255 254 254 255 254 254 252
 225 255 255 254 255 254 254 254 255 255 255 254 255 255 254 254
 224 255 255 254 254 254 255 254 255 254 255 254 254 254 254 254
 219 254 255 254 254 254 254 253 254 254 255 254 254 254 254 254
  35  37  37  37  44 164 207 209 213 212 172  59  40  33  34  33
  35  37  36  37  39 166 218 218 223 218 196  64  42  38  42  36
  34  34  37  42  47 164 219 221 221 217 200  59  47  41  41  38
  34  38  40  41  45 165 220 222 223 217 185  67  50  45  40  44
  46  54  56  53  51 160 221 220 222 223 191  78  51  55  50  48
 114 126 116 123 132 185 222 223 222 224 204 150 152 140 124 125
 214 223 219 223 222 222 224 222 223 224 225 224 224 226 222 223
 208 222 226 226 226 226 229 226 226 227 230 227 224 222 218 225
 208 225 227 230 227 227 229 231 228 225 228 231 227 223 220 224
 205 225 228 227 232 231 231 234 231 231 233 227 229 227 226 225
 203 226 228 227 228 229 229 233 232 236 234 230 233 230 227 230
 201 228 231 228 233 234 230 231 232 236 234 235 237 234 228 228
 194 227 226 229 233 231 229 231 233 234 231 234 234 232 228 228
 196 224 224 226 226 231 233 237 231 231 235 233 231 227 229 229
 193 224 229 229 226 232 234 235 234 232 235 233 229 228 230 225
 186 218 221 227 228 223 228 230 232 231 224 226 228 225 225 220

