 255 255 255 255 255 155  70  61  65  61  58  52  59  60  57  56
 255 254 254 254 254 156  71  60  63  62  62  52  56  56  59  58
 255 254 254 254 254 152  79  67  65  62  63  58  56  56  56  58
 255 254 251 251 252 150  79  73  68  65  61  65  58  59  64  65
 255 252 250 250 251 147  78  72  72  70  72  72  66  65  68  69
 255 251 251 250 253 147  76  73  73  69 110 199 203 200 197 191
 255 252 249 248 250 165  82  76  69  72 151 252 254 250 252 253
 254 250 249 248 250 165  84  78  71  75 159 252 250 248 250 254
 255 250 248 249 250 162  92  80  77  81 140 253 250 247 250 252
 253 250 250 248 248 157  98  86  85  86 144 253 250 251 253 253
 254 248 247 246 247 180 129 125 119 114 156 252 254 253 228 219
 254 245 245 245 245 249 250 251 252 252 205  97  88  94  89  84
 254 244 244 245 244 244 245 246 247 248 211  88  77  72  75  72
 249 245 245 244 245 244 244 245 245 247 221  93  76  72  61  65
 241 246 244 244 244 245 245 245 246 247 218  88  77  67  67  62
 239 249 248 249 249 249 248 250 250 253 220  82  75  64  65  61
 245 247 246 245 249 139  61  54  51  51  49  48  48  48  47  48
 240 245 246 245 243 136  62  57  53  52  51  51  47  47  47  48
 243 247 247 248 247 138  62  58  52  52  52  52  51  51  50  52
 243 248 249 250 249 138  65  59  55  54  55  55  54  57  55  53
 247 251 251 251 246 133  67  58  55  56  61  67  69  65  66  69
 247 250 251 252 249 136  71  63  62  62 100 191 201 203 200 191
 245 251 254 254 252 151  68  61  64  65 138 240 249 250 251 248
 246 253 254 254 250 148  73  63  66  66 143 247 251 253 251 245
 246 253 255 255 252 147  73  66  65  69 127 248 253 253 251 249
 249 253 254 255 253 144  78  72  71  75 133 249 253 250 248 244
 248 254 254 255 253 173 128 120 121 114 155 237 241 238 211 204
 251 255 255 255 254 254 255 254 253 253 199  85  76  78  76  72
 252 255 255 255 255 255 255 254 254 255 210  77  69  61  59  55
 250 255 255 255 255 255 255 255 255 255 220  79  65  60  57  53
 242 255 255 255 255 255 255 255 254 254 214  74  61  56  53  50
 239 252 253 253 253 252 253 253 252 248 210  69  63  56  52  50
 211 212 211 208 208 118  39  34  34  36  36  38  33  31  31  35
 201 208 207 206 203 120  41  33  37  36  39  36  35  37  38  35
 206 210 210 207 203 114  47  38  41  36  35  36  37  33  35  32
 210 209 212 211 206 114  47  43  39  37  34  38  39  35  38  38
 208 210 213 212 206 110  48  43  42  46  46  51  57  50  56  59
 203 214 212 213 213 111  46  43  42  43  80 167 174 171 170 170
 203 213 212 215 214 136  53  46  45  44 102 202 208 205 208 216
 208 215 217 213 214 133  47  47  47  48 110 206 212 211 212 220
 207 213 214 215 216 128  49  47  46  52  99 208 211 213 214 216
 209 214 214 214 213 129  57  55  51  56 103 209 210 211 211 214
 215 218 216 217 215 156 114 109 107 105 126 195 195 190 171 169
 217 217 218 218 220 217 216 215 213 214 171  69  54  59  53  51
 213 217 218 220 221 217 218 218 216 212 173  52  44  45  43  37
 210 218 219 219 221 218 218 220 217 212 183  53  43  36  37  36
 202 217 216 217 217 220 218 217 216 213 190  60  49  39  38  39
 194 212 214 212 210 211 210 207 205 205 181  51  42  36  34  36

  56  58  58  65  69 191 253 254 252 253 219  84  72  65  62  61
  57  59  56  64  68 197 252 250 250 253 228  89  75  61  67  65
  60  56  56  59  65 200 250 248 247 251 253  94  72  72  67  64
  59  56  56  58  66 203 254 250 250 250 254  88  77  76  77  75
  52  52  58  65  72 199 252 252 253 253 252  97  88  93  88  82
  58  62  63  61  72 110 151 159 140 144 156 205 211 221 218 220
  61  62  62  65  70  69  72  75  81  86 114 252 248 247 247 253
  65  63  65  68  72  73  69  71  77  85 119 252 247 245 246 250
  61  60  67  73  72  73  76  78  80  86 125 251 246 245 245 250
  70  71  79  79  78  76  82  84  92  98 129 250 245 244 245 248
 155 156 152 150 147 147 165 165 162 157 180 249 244 244 245 249
 255 254 254 252 251 253 250 250 250 248 247 245 244 245 244 249
 255 254 254 251 250 250 248 248 249 248 246 245 245 244 244 249
 255 254 254 251 250 251 249 249 248 250 247 245 244 245 244 248
 255 254 254 254 252 251 252 250 250 250 248 245 244 245 246 249
 255 255 255 255 255 255 255 254 255 253 254 254 254 249 241 239
  48  48  52  53  69 191 248 245 249 244 204  72  55  53  50  50
  47  47  50  55  66 200 251 251 251 248 211  76  59  57  53  52
  48  47  51  57  65 203 250 253 253 250 238  78  61  60  56  56
  48  47  51  54  69 201 249 251 253 253 241  76  69  65  61  63
  48  51  52  55  67 191 240 247 248 249 237  85  77  79  74  69
  49  51  52  55  61 100 138 143 127 133 155 199 210 220 214 210
  51  52  52  54  56  62  65  66  69  75 114 253 255 255 254 248
  51  53  52  55  55  62  64  66  65  71 121 253 254 255 254 252
  54  57  58  59  58  63  61  63  66  72 120 254 254 255 255 253
  61  62  62  65  67  71  68  73  73  78 128 255 255 255 255 253
 139 136 138 138 133 136 151 148 147 144 173 254 255 255 255 252
 249 243 247 249 246 249 252 250 252 253 253 254 255 255 255 253
 245 245 248 250 251 252 254 254 255 255 255 255 255 255 255 253
 246 246 247 249 251 251 254 254 255 254 254 255 255 255 255 253
 247 245 247 248 251 250 251 253 253 253 254 255 255 255 255 252
 245 240 243 243 247 247 245 246 246 249 248 251 252 250 242 239
  35  35  32  38  59 170 216 220 216 214 169  51  37  36  39  36
  31  38  35  38  56 170 208 212 214 211 171  53  43  37  38  34
  31  37  33  35  50 171 205 211 213 211 190  59  45  36  39  36
  33  35  37  39  57 174 208 212 211 210 195  54  44  43  49  42
  38  36  36  38  51 167 202 206 208 209 195  69  52  53  60  51
  36  39  35  34  46  80 102 110  99 103 126 171 173 183 190 181
  36  36  36  37  46  43  44  48  52  56 105 214 212 212 213 205
  34  37  41  39  42  42  45  47  46  51 107 213 216 217 216 205
  34  33  38  43  43  43  46  47  47  55 109 215 218 220 217 207
  39  41  47  47  48  46  53  47  49  57 114 216 218 218 218 210
 118 120 114 114 110 111 136 133 128 129 156 217 217 218 220 211
 208 203 203 206 206 213 214 214 216 213 215 220 221 221 217 210
 208 206 207 211 212 213 215 213 215 214 217 218 220 219 217 212
 211 207 210 212 213 212 212 217 214 214 216 218 218 219 216 214
 212 208 210 209 210 214 213 215 213 214 218 217 217 218 217 212
 211 201 206 210 208 203 203 208 207 209 215 217 213 210 202 194

  61  65  64  75  82 220 253 250 250 248 249 249 249 248 249 239
  62  67  67  77  88 218 247 246 245 245 245 244 244 244 246 241
  65  61  72  76  93 221 247 245 245 244 244 245 244 245 245 249
  72  75  72  77  88 211 248 247 246 245 244 244 245 244 244 254
  84  89  94  88  97 205 252 252 251 250 249 245 245 245 245 254
 219 228 253 254 252 156 114 119 125 129 180 247 246 247 248 254
 253 253 251 250 253 144  86  85  86  98 157 248 248 250 250 253
 252 250 247 250 253 140  81  77  80  92 162 250 249 248 250 255
 254 250 248 250 252 159  75  71  78  84 165 250 248 249 250 254
 253 252 250 254 252 151  72  69  76  82 165 250 248 249 252 255
 191 197 200 203 199 110  69  73  73  76 147 253 250 251 251 255
  69  68  65  66  72  72  70  72  72  78 147 251 250 250 252 255
  65  64  59  58  65  61  65  68  73  79 150 252 251 251 254 255
  58  56  56  56  58  63  62  65  67  79 152 254 254 254 254 255
  58  59  56  56  52  62  62  63  60  71 156 254 254 254 254 255
  56  57  60  59  52  58  61  65  61  70 155 255 255 255 255 255
  50  52  56  63  69 210 248 252 253 253 252 253 253 253 252 239
  50  53  56  61  74 214 254 254 255 255 255 255 255 255 255 242
  53  57  60  65  79 220 255 255 255 255 255 255 255 255 255 250
  55  59  61  69  77 210 255 254 254 255 255 255 255 255 255 252
  72  76  78  76  85 199 253 253 254 255 254 254 255 255 255 251
 204 211 238 241 237 155 114 121 120 128 173 253 255 254 254 248
 244 248 250 253 249 133  75  71  72  78 144 253 255 254 253 249
 249 251 253 253 248 127  69  65  66  73 147 252 255 255 253 246
 245 251 253 251 247 143  66  66  63  73 148 250 254 254 253 246
 248 251 250 249 240 138  65  64  61  68 151 252 254 254 251 245
 191 200 203 201 191 100  62  62  63  71 136 249 252 251 250 247
  69  66  65  69  67  61  56  55  58  67 133 246 251 251 251 247
  53  55  57  54  55  55  54  55  59  65 138 249 250 249 248 243
  52  50  51  51  52  52  52  52  58  62 138 247 248 247 247 243
  48  47  47  47  51  51  52  53  57  62 136 243 245 246 245 240
  48  47  48  48  48  49  51  51  54  61 139 249 245 246 247 245
  36  34  36  42  51 181 205 205 207 210 211 210 212 214 212 194
  39  38  39  49  60 190 213 216 217 218 220 217 217 216 217 202
  36  37  36  43  53 183 212 217 220 218 218 221 219 219 218 210
  37  43  45  44  52 173 212 216 218 218 217 221 220 218 217 213
  51  53  59  54  69 171 214 213 215 216 217 220 218 218 217 217
 169 171 190 195 195 126 105 107 109 114 156 215 217 216 218 215
 214 211 211 210 209 103  56  51  55  57 129 213 214 214 214 209
 216 214 213 211 208  99  52  46  47  49 128 216 215 214 213 207
 220 212 211 212 206 110  48  47  47  47 133 214 213 217 215 208
 216 208 205 208 202 102  44  45  46  53 136 214 215 212 213 203
 170 170 171 174 167  80  43  42  43  46 111 213 213 212 214 203
  59  56  50  57  51  46  46  42  43  48 110 206 212 213 210 208
  38  38  35  39  38  34  37  39  43  47 114 206 211 212 209 210
  32  35  33  37  36  35  36  41  38  47 114 203 207 210 210 206
  35  38  37  35  36  39  36  37  33  41 120 203 206 207 208 201
  35  31  31  33  38  36  36  34  34  39 118 208 208 211 212 211

 239 241 249 254 254 254 253 255 254 255 255 255 255 255 255 255
 249 246 245 244 245 248 250 250 250 252 251 252 254 254 254 255
 248 244 245 244 245 247 250 248 249 249 251 250 251 254 254 255
 249 244 244 245 245 246 248 249 248 248 250 250 251 254 254 255
 249 244 245 244 245 247 248 250 250 250 253 251 252 254 254 255
 249 245 244 244 249 180 157 162 165 165 147 147 150 152 156 155
 248 245 244 245 250 129  98  92  84  82  76  78  79  79  71  70
 250 245 245 246 251 125  86  80  78  76  73  72  73  67  60  61
 250 246 245 247 252 119  85  77  71  69  73  72  68  65  63  65
 253 247 247 248 252 114  86  81  75  72  69  70  65  62  62  61
 220 218 221 211 205 156 144 140 159 151 110  72  61  63  62  58
  82  88  93  88  97 252 253 253 252 252 199  72  65  58  52  52
  75  77  76  77  88 254 250 250 250 254 203  66  58  56  56  59
  64  67  72  72  94 253 251 247 248 250 200  65  59  56  56  60
  65  67  61  75  89 228 253 250 250 252 197  68  64  56  59  57
  61  62  65  72  84 219 253 252 254 253 191  69  65  58  58  56
 239 242 250 252 251 248 249 246 246 245 247 247 243 243 240 245
 252 255 255 255 255 254 253 253 253 251 250 251 248 247 245 247
 253 255 255 255 255 254 254 255 254 254 251 251 249 247 246 246
 253 255 255 255 255 255 255 255 254 254 252 251 250 248 245 245
 253 255 255 255 254 253 253 252 250 252 249 246 249 247 243 249
 252 255 255 255 254 173 144 147 148 151 136 133 138 138 136 139
 253 255 255 255 255 128  78  73  73  68  71  67  65  62  62  61
 253 255 255 254 254 120  72  66  63  61  63  58  59  58  57  54
 252 254 255 254 253 121  71  65  66  64  62  55  55  52  53  51
 248 254 255 255 253 114  75  69  66  65  62  56  54  52  52  51
 210 214 220 210 199 155 133 127 143 138 100  61  55  52  51  49
  69  74  79  77  85 237 249 248 247 240 191  67  55  52  51  48
  63  61  65  69  76 241 253 253 251 249 201  69  54  51  47  48
  56  56  60  61  78 238 250 253 253 250 203  65  57  51  47  48
  52  53  57  59  76 211 248 251 251 251 200  66  55  50  47  47
  50  50  53  55  72 204 244 249 245 248 191  69  53  52  48  48
 194 202 210 213 217 215 209 207 208 203 203 208 210 206 201 211
 212 217 218 217 217 218 214 213 215 213 214 210 209 210 208 212
 214 216 219 218 218 216 214 214 217 212 212 213 212 210 207 211
 212 217 219 220 218 217 214 215 213 215 213 212 211 207 206 208
 210 217 221 221 220 215 213 216 214 214 213 206 206 203 203 208
 211 220 218 217 217 156 129 128 133 136 111 110 114 114 120 118
 210 218 218 218 216 114  57  49  47  53  46  48  47  47  41  39
 207 217 220 218 215 109  55  47  47  46  43  43  43  38  33  34
 205 216 217 216 213 107  51  46  47  45  42  42  39  41  37  34
 205 213 212 212 214 105  56  52  48  44  43  46  37  36  36  36
 181 190 183 173 171 126 103  99 110 102  80  46  34  35  39  36
  51  60  53  52  69 195 209 208 206 202 167  51  38  36  36  38
  42  49  43  44  54 195 210 211 212 208 174  57  39  37  35  33
  36  39  36  45  59 190 211 213 211 205 171  50  35  33  37  31
  34  38  37  43  53 171 211 214 212 208 170  56  38  35  38  31
  36  39  36  37  51 169 214 216 220 216 170  59  38  32  35  35

